 estimated covariance matrices using dpss
10.000000     0.000 dB
10
50.000000
61.111111
72.222222
83.333333
94.444444
105.555556
116.666667
127.777778
138.888889
150.000000
         1         1 (6.756724e-01,2.107269e-01)
         1         2 (-3.586047e-01,1.347805e+00)
         1         3 (-1.651283e-02,2.723975e-01)
         1         4 (-1.412648e-01,-1.693633e-01)
         1         5 (1.650127e+00,3.729278e-01)
         1         6 (-1.656577e+00,-7.810075e-01)
         1         7 (-9.762139e-01,9.104340e-01)
         1         8 (-1.737180e+00,-1.719366e+00)
         1         9 (-1.053303e+00,1.764970e+00)
         1        10 (-1.068866e+00,-7.155016e-01)
         2         1 (-1.649014e+00,8.380946e-01)
         2         2 (5.961141e-01,1.139960e-01)
         2         3 (-6.295151e-01,2.944392e-01)
         2         4 (3.954061e-01,2.002154e-01)
         2         5 (1.756954e-01,-5.768225e-02)
         2         6 (2.529842e-01,5.932878e-01)
         2         7 (1.932554e-01,-3.238570e-01)
         2         8 (-2.698857e-02,-5.337637e-02)
         2         9 (6.868972e-01,9.133551e-01)
         2        10 (-5.790186e-01,1.596449e+00)
         3         1 (-1.991046e-01,-1.183381e+00)
         3         2 (1.255378e-01,-4.612197e-01)
         3         3 (-8.714093e-01,4.248059e-01)
         3         4 (-2.205776e-01,3.992051e-01)
         3         5 (1.185325e+00,-6.277707e-01)
         3         6 (-6.016167e-03,6.106559e-01)
         3         7 (9.015067e-01,-2.274493e+00)
         3         8 (4.726645e-01,-8.244413e-01)
         3         9 (-6.211040e-02,3.073241e-01)
         3        10 (-7.900538e-02,-2.085243e+00)
         4         1 (-6.976987e-01,-2.008931e-01)
         4         2 (-1.609588e+00,5.038166e-01)
         4         3 (9.379772e-02,6.395813e-01)
         4         4 (-8.085508e-01,1.816313e+00)
         4         5 (-4.487490e-01,-1.155937e-01)
         4         6 (-4.516659e-01,5.196199e-01)
         4         7 (2.377577e-01,-8.978336e-01)
         4         8 (-3.484990e-01,-2.614756e-01)
         4         9 (1.331133e+00,1.305778e+00)
         4        10 (-1.688058e+00,-9.795914e-01)
         5         1 (-9.999923e-01,8.247988e-01)
         5         2 (1.574115e+00,-8.747783e-01)
         5         3 (1.209848e+00,9.606187e-01)
         5         4 (4.472436e-01,-2.100660e+00)
         5         5 (1.345369e-02,-5.186122e-01)
         5         6 (8.994027e-01,1.005307e+00)
         5         7 (1.258858e+00,-9.263360e-01)
         5         8 (1.090600e+00,1.076354e+00)
         5         9 (5.743529e-02,4.009691e-01)
         5        10 (1.522402e+00,8.553354e-01)
         6         1 (1.301906e+00,1.369058e+00)
         6         2 (-5.537103e-01,-6.083541e-01)
         6         3 (-8.852023e-01,-1.086707e+00)
         6         4 (1.437785e+00,-6.506391e-01)
         6         5 (6.534531e-01,7.993794e-01)
         6         6 (1.106822e+00,-1.386828e-01)
         6         7 (-3.927033e-01,-7.455290e-02)
         6         8 (2.768508e-01,9.090521e-01)
         6         9 (2.075396e+00,1.159018e+00)
         6        10 (1.809807e+00,-4.809405e-01)
         7         1 (-3.310032e-01,1.763295e+00)
         7         2 (4.394410e-03,-1.029833e+00)
         7         3 (-1.447315e+00,1.016876e-01)
         7         4 (-1.354492e+00,1.215176e+00)
         7         5 (1.602260e+00,7.477613e-01)
         7         6 (1.347171e+00,-4.817663e-01)
         7         7 (6.168775e-01,-4.975716e-01)
         7         8 (6.049459e-01,1.011158e+00)
         7         9 (8.905152e-02,-1.114741e+00)
         7        10 (-9.377222e-01,6.945414e-01)
         8         1 (-3.496743e-01,-8.139963e-01)
         8         2 (3.957768e-01,7.306306e-01)
         8         3 (1.299451e+00,-9.873866e-01)
         8         4 (1.086260e+00,-7.891445e-01)
         8         5 (2.296341e+00,1.086614e+00)
         8         6 (1.360277e+00,3.739620e-01)
         8         7 (8.717386e-01,-1.731371e-01)
         8         8 (8.637967e-01,6.515366e-01)
         8         9 (-4.759328e-01,2.941458e-01)
         8        10 (8.572868e-01,1.599445e+00)
         9         1 (7.201374e-01,-1.693214e+00)
         9         2 (4.846808e-01,5.501191e-01)
         9         3 (-7.895622e-01,2.485624e-01)
         9         4 (-1.522528e+00,-6.193821e-01)
         9         5 (1.887791e+00,-6.036211e-01)
         9         6 (1.098363e+00,2.022283e-01)
         9         7 (2.711670e-01,1.341892e+00)
         9         8 (-1.130797e+00,7.040048e-01)
         9         9 (1.232870e+00,9.524737e-01)
         9        10 (2.819618e-01,-2.218279e-01)
        10         1 (-1.972536e-01,-8.580154e-01)
        10         2 (1.324817e+00,6.357662e-01)
        10         3 (1.039616e+00,-8.242585e-01)
        10         4 (7.826365e-01,6.421171e-01)
        10         5 (-7.486751e-01,-1.067198e+00)
        10         6 (-2.751589e-01,2.970233e-01)
        10         7 (-5.429332e-01,-5.070856e-01)
        10         8 (5.302609e-01,-6.077057e-01)
        10         9 (-9.307213e-02,-1.636889e+00)
        10        10 (-1.123494e+00,4.354097e-01)
 estimated covariance matrices using dpss
25.000000     0.000 dB
10
50.000000
61.111111
72.222222
83.333333
94.444444
105.555556
116.666667
127.777778
138.888889
150.000000
         1         1 (-9.685703e-01,1.106154e+00)
         1         2 (1.781650e-01,1.080031e+00)
         1         3 (-1.481523e-01,-3.201946e-02)
         1         4 (-5.052761e-02,1.160181e+00)
         1         5 (-1.644969e+00,1.141996e+00)
         1         6 (-2.493532e+00,7.265361e-01)
         1         7 (-7.114761e-01,4.916288e-01)
         1         8 (-6.955547e-01,-2.608379e+00)
         1         9 (-6.581029e-01,-1.001519e+00)
         1        10 (-2.162511e+00,-6.037891e-01)
         2         1 (1.279762e+00,-2.091215e+00)
         2         2 (1.327051e+00,-9.284856e-01)
         2         3 (-1.591822e+00,-9.684849e-01)
         2         4 (-9.679907e-01,-1.449223e+00)
         2         5 (-2.917879e-01,-3.421456e-01)
         2         6 (-1.134967e-02,-4.766718e-01)
         2         7 (-1.835129e+00,4.250711e-01)
         2         8 (-3.796093e-01,5.722960e-02)
         2         9 (-1.493819e+00,-1.356097e+00)
         2        10 (-4.530399e-01,3.230168e-01)
         3         1 (3.612968e-02,8.690748e-01)
         3         2 (6.404217e-01,-7.428720e-01)
         3         3 (-6.222058e-02,-1.053967e+00)
         3         4 (5.713777e-01,1.071202e+00)
         3         5 (-1.064733e+00,-2.285130e+00)
         3         6 (-2.867156e-01,3.927363e-01)
         3         7 (1.653733e+00,6.161848e-01)
         3         8 (-1.414955e+00,5.527731e-01)
         3         9 (1.212892e+00,1.323829e+00)
         3        10 (2.895366e-01,-5.259356e-01)
         4         1 (-8.041588e-01,1.484882e-01)
         4         2 (8.269052e-01,6.612317e-01)
         4         3 (5.981320e-01,1.388595e+00)
         4         4 (-1.267880e+00,-5.309612e-01)
         4         5 (-1.173416e+00,-4.052624e-01)
         4         6 (1.475532e+00,1.369969e-01)
         4         7 (-5.388299e-01,2.091822e-01)
         4         8 (-1.680713e-01,-7.739746e-01)
         4         9 (6.090076e-01,8.051337e-01)
         4        10 (1.076765e+00,-9.069771e-01)
         5         1 (-2.951782e+00,8.779769e-01)
         5         2 (-1.670272e+00,-2.240572e+00)
         5         3 (-1.259448e+00,1.213299e+00)
         5         4 (-2.443527e+00,-1.302118e-01)
         5         5 (4.144823e-01,-7.705040e-01)
         5         6 (2.570748e+00,-4.332728e-01)
         5         7 (2.975140e-01,-1.616723e+00)
         5         8 (8.791479e-03,-2.195084e+00)
         5         9 (-1.086972e+00,8.221688e-02)
         5        10 (-1.651359e-01,-4.476865e-01)
         6         1 (-3.923010e-01,4.062693e-01)
         6         2 (-7.939619e-01,3.212875e-01)
         6         3 (1.133607e+00,-5.662338e-01)
         6         4 (-1.034259e-02,2.004115e+00)
         6         5 (8.436853e-01,-4.941807e-01)
         6         6 (-8.112533e-01,8.395063e-01)
         6         7 (-1.700467e+00,-6.991351e-02)
         6         8 (-1.469298e+00,1.819861e+00)
         6         9 (2.642314e-01,1.383951e+00)
         6        10 (1.301042e+00,-6.259378e-01)
         7         1 (6.236216e-01,-2.228933e-01)
         7         2 (-7.235029e-01,-5.113864e-01)
         7         3 (-4.315752e-01,1.921600e+00)
         7         4 (-1.167545e+00,-3.454394e-01)
         7         5 (-4.131948e-01,1.943349e-02)
         7         6 (5.591133e-01,-6.987557e-01)
         7         7 (-5.129797e-01,-5.978661e-01)
         7         8 (8.561060e-01,-1.962307e+00)
         7         9 (-1.984609e+00,-6.331898e-01)
         7        10 (5.964407e-01,2.127840e+00)
         8         1 (3.075707e-01,7.077602e-01)
         8         2 (-2.784600e-01,4.725411e-01)
         8         3 (6.355387e-01,-6.196594e-02)
         8         4 (1.418995e+00,2.709718e-01)
         8         5 (1.704261e+00,1.562812e+00)
         8         6 (-1.349027e+00,1.154993e-01)
         8         7 (-8.142326e-01,-2.104397e+00)
         8         8 (5.552607e-01,-2.040279e-01)
         8         9 (-9.978995e-01,1.463237e-01)
         8        10 (-1.079001e+00,1.209463e+00)
         9         1 (5.058052e-01,-4.060514e-01)
         9         2 (-1.460546e-01,-1.327267e+00)
         9         3 (-4.108365e-01,-1.067252e-01)
         9         4 (-6.970057e-01,-3.892293e-01)
         9         5 (-8.058976e-01,7.764965e-01)
         9         6 (-6.391656e-01,1.358035e+00)
         9         7 (6.346695e-01,-2.168529e-01)
         9         8 (-7.091501e-01,-1.605327e+00)
         9         9 (-6.598093e-01,7.567044e-01)
         9        10 (3.826090e-01,-6.414843e-01)
        10         1 (1.616200e-01,1.218595e-01)
        10         2 (-3.223806e-01,-6.711798e-01)
        10         3 (7.310632e-03,-2.389718e-01)
        10         4 (2.402023e-01,7.928593e-01)
        10         5 (-2.349625e-01,-3.290570e-01)
        10         6 (9.497047e-01,1.066687e-01)
        10         7 (-4.980805e-01,-1.291980e-01)
        10         8 (-4.716650e-01,4.313641e-01)
        10         9 (5.034532e-01,6.941325e-01)
        10        10 (1.544910e+00,3.760558e-01)
 estimated covariance matrices using dpss
40.000000     0.000 dB
10
50.000000
61.111111
72.222222
83.333333
94.444444
105.555556
116.666667
127.777778
138.888889
150.000000
         1         1 (-3.168043e-01,2.102945e+00)
         1         2 (1.916279e+00,1.566860e-01)
         1         3 (-3.474340e-01,1.560923e+00)
         1         4 (8.831312e-01,3.961565e-01)
         1         5 (3.345191e-02,1.614522e-01)
         1         6 (1.416081e+00,1.697297e+00)
         1         7 (1.483427e+00,1.816745e-01)
         1         8 (-8.224644e-01,-1.321086e+00)
         1         9 (-1.279251e+00,-1.794138e+00)
         1        10 (1.396149e+00,-4.481830e-02)
         2         1 (1.100348e+00,-8.208523e-03)
         2         2 (-1.649159e-01,-1.262727e+00)
         2         3 (1.820460e-01,1.221664e+00)
         2         4 (7.921692e-03,1.119944e+00)
         2         5 (4.926706e-01,1.005712e+00)
         2         6 (-9.226342e-01,2.550198e+00)
         2         7 (-1.629768e+00,-5.331299e-01)
         2         8 (1.091546e-01,5.825067e-01)
         2         9 (6.097943e-01,1.840114e-01)
         2        10 (-4.237344e-01,-1.153747e+00)
         3         1 (-3.522074e-01,-9.510839e-03)
         3         2 (1.625182e+00,1.181961e-01)
         3         3 (1.603237e+00,-7.865647e-01)
         3         4 (-5.570744e-01,-1.651517e-01)
         3         5 (1.162081e+00,-5.252924e-01)
         3         6 (-1.946962e-02,1.682101e+00)
         3         7 (7.283678e-01,-2.038771e+00)
         3         8 (-7.691845e-01,-1.892201e-01)
         3         9 (-8.720248e-01,-2.641126e+00)
         3        10 (-7.571108e-01,5.980623e-01)
         4         1 (8.962248e-01,2.488000e-01)
         4         2 (1.348366e+00,1.793594e-01)
         4         3 (-4.649115e-02,-1.816195e-01)
         4         4 (5.227454e-02,-3.483266e-01)
         4         5 (6.536401e-02,-8.008933e-01)
         4         6 (2.186754e-01,1.915822e+00)
         4         7 (-5.895246e-01,-7.174665e-02)
         4         8 (-2.853549e-01,4.074550e+00)
         4         9 (6.030837e-01,2.475184e-01)
         4        10 (1.095620e+00,1.595490e+00)
         5         1 (-3.071724e-01,-9.820073e-01)
         5         2 (-2.710125e+00,6.323324e-02)
         5         3 (3.577943e-01,-1.439541e-01)
         5         4 (9.415781e-01,8.719413e-01)
         5         5 (-1.772134e-01,5.488073e-01)
         5         6 (-3.840977e-01,9.730273e-01)
         5         7 (1.945851e-01,-9.963258e-01)
         5         8 (5.224812e-01,-5.850116e-01)
         5         9 (1.548474e-01,1.010979e-01)
         5        10 (-5.352804e-01,-1.345426e-02)
         6         1 (2.040993e+00,2.163504e+00)
         6         2 (3.057207e-01,-1.777931e+00)
         6         3 (-7.036076e-01,-1.145953e+00)
         6         4 (-1.274740e+00,-1.020655e+00)
         6         5 (2.023535e+00,-1.038364e+00)
         6         6 (-1.458645e+00,9.253908e-01)
         6         7 (1.049919e+00,4.356089e-01)
         6         8 (1.531815e-01,8.791649e-01)
         6         9 (6.652610e-01,-4.826559e-01)
         6        10 (-5.959276e-01,1.099983e+00)
         7         1 (1.120922e-01,-8.903950e-01)
         7         2 (7.561786e-01,1.306819e+00)
         7         3 (-1.231017e+00,1.604417e+00)
         7         4 (1.437184e+00,-3.947735e-01)
         7         5 (-7.654636e-02,-1.128261e+00)
         7         6 (-1.460497e+00,-9.052852e-01)
         7         7 (7.299151e-01,3.477092e-01)
         7         8 (2.177361e-02,-3.922900e-01)
         7         9 (9.422027e-01,-1.129117e+00)
         7        10 (3.784061e-01,6.000428e-01)
         8         1 (1.192735e+00,4.434231e-01)
         8         2 (-3.520551e-01,-1.853579e+00)
         8         3 (1.769345e+00,-8.814670e-01)
         8         4 (2.008518e+00,4.296190e-01)
         8         5 (9.002825e-01,-6.738192e-01)
         8         6 (-3.138936e-02,-1.828179e+00)
         8         7 (-1.113200e+00,-6.131980e-01)
         8         8 (-7.769624e-01,5.370893e-01)
         8         9 (1.007475e+00,-3.653965e-01)
         8        10 (-5.376895e-01,5.047815e-01)
         9         1 (-2.592476e-01,-1.374569e+00)
         9         2 (1.203896e-01,-9.955644e-01)
         9         3 (1.745554e-01,-1.377707e+00)
         9         4 (-7.625590e-01,7.579991e-01)
         9         5 (-7.476592e-01,-3.699377e-01)
         9         6 (4.796740e-01,1.040807e+00)
         9         7 (-9.332529e-02,6.999339e-01)
         9         8 (5.258643e-01,1.182142e+00)
         9         9 (-2.785875e-01,-7.767127e-01)
         9        10 (8.923016e-01,-3.581299e-01)
        10         1 (2.444140e-01,5.830884e-01)
        10         2 (7.304971e-01,-7.304482e-01)
        10         3 (4.353111e-01,5.048693e-02)
        10         4 (9.790878e-01,1.110900e-01)
        10         5 (-4.673522e-01,-4.818685e-01)
        10         6 (-2.717704e-01,-1.500486e+00)
        10         7 (1.539096e+00,-6.974117e-01)
        10         8 (-5.451354e-01,4.685180e-01)
        10         9 (1.006154e+00,1.599210e+00)
        10        10 (1.453767e-01,-1.261564e-01)
 estimated covariance matrices using dpss
55.000000     0.000 dB
10
50.000000
61.111111
72.222222
83.333333
94.444444
105.555556
116.666667
127.777778
138.888889
150.000000
         1         1 (1.588222e+00,3.255021e-01)
         1         2 (3.639307e-01,2.365447e-01)
         1         3 (-1.692684e-03,-5.408116e-01)
         1         4 (1.667029e+00,-1.555853e+00)
         1         5 (-1.409523e+00,-1.414219e+00)
         1         6 (1.760923e-01,-2.660278e-01)
         1         7 (-3.246041e-01,-5.523328e-01)
         1         8 (-1.484273e+00,7.004816e-02)
         1         9 (-8.593222e-01,2.948591e-01)
         1        10 (-1.753076e+00,-4.563554e-01)
         2         1 (2.094101e+00,-5.580482e-02)
         2         2 (2.009116e-01,1.919921e-01)
         2         3 (4.744316e-01,4.194051e-01)
         2         4 (-2.075709e+00,1.150471e+00)
         2         5 (-5.169439e-01,-3.530031e-01)
         2         6 (-1.808508e-01,-1.591927e+00)
         2         7 (1.483600e+00,8.760655e-02)
         2         8 (1.888164e-01,-8.111227e-01)
         2         9 (-3.773239e-01,-7.805277e-01)
         2        10 (1.798697e+00,1.791245e+00)
         3         1 (4.759780e-02,-2.428991e-01)
         3         2 (5.416618e-01,-1.493362e+00)
         3         3 (4.286577e-01,-5.958075e-01)
         3         4 (1.178290e+00,-1.448689e-01)
         3         5 (-1.590767e+00,8.085864e-01)
         3         6 (4.442815e-01,-1.248137e-01)
         3         7 (1.198937e+00,3.752846e-01)
         3         8 (9.995007e-01,8.452588e-01)
         3         9 (9.272662e-02,-1.606407e-01)
         3        10 (5.832738e-01,-2.910765e-01)
         4         1 (1.492116e+00,3.561686e-01)
         4         2 (2.791282e-01,-6.825141e-01)
         4         3 (-2.590281e-01,1.328770e+00)
         4         4 (-5.256088e-02,6.441747e-01)
         4         5 (3.998914e-01,3.169271e-01)
         4         6 (-2.576002e-02,1.574924e+00)
         4         7 (-7.968399e-01,2.367691e-01)
         4         8 (-2.412853e+00,-2.808579e-01)
         4         9 (7.121428e-01,-1.204534e+00)
         4        10 (8.578701e-01,9.006077e-01)
         5         1 (-2.182206e-02,-6.118497e-01)
         5         2 (-4.874199e-01,-2.459600e+00)
         5         3 (-6.784878e-01,-1.667335e+00)
         5         4 (4.088040e-01,-5.468893e-01)
         5         5 (3.083442e-01,-4.279367e-01)
         5         6 (3.304602e-01,-6.246923e-01)
         5         7 (-1.349709e+00,2.996729e-01)
         5         8 (3.626396e-01,-3.937073e-01)
         5         9 (-1.898241e-01,4.798437e-01)
         5        10 (8.081656e-01,-4.666754e-01)
         6         1 (4.019559e-01,-1.345672e-01)
         6         2 (-2.026592e+00,8.623466e-01)
         6         3 (-7.477161e-01,-1.142099e-01)
         6         4 (3.555238e-01,-6.407686e-01)
         6         5 (-9.704560e-01,9.232923e-01)
         6         6 (1.700360e+00,-9.797763e-01)
         6         7 (-5.563242e-01,8.785857e-01)
         6         8 (-3.443516e-01,-2.217930e-01)
         6         9 (-2.968180e-01,4.878153e-01)
         6        10 (-5.782406e-01,8.501718e-01)
         7         1 (-1.683470e-01,2.253457e-01)
         7         2 (2.439819e-01,6.392396e-01)
         7         3 (7.861908e-01,-1.831206e+00)
         7         4 (-9.881847e-01,1.541775e+00)
         7         5 (2.419488e-01,1.427617e+00)
         7         6 (5.800289e-01,6.085907e-01)
         7         7 (1.599987e-01,-8.125150e-01)
         7         8 (-1.434518e+00,6.759336e-01)
         7         9 (1.747782e+00,1.662537e+00)
         7        10 (5.961929e-01,-9.348034e-01)
         8         1 (-4.215094e-01,-5.838480e-02)
         8         2 (3.071176e-01,-2.469756e-02)
         8         3 (1.462951e+00,-1.746478e-01)
         8         4 (-6.328861e-01,-1.545459e+00)
         8         5 (8.493922e-01,1.045628e+00)
         8         6 (1.082663e-01,-5.996088e-01)
         8         7 (-2.540462e-01,-3.217198e-01)
         8         8 (7.120733e-01,1.383142e+00)
         8         9 (-3.738946e-01,-1.328356e+00)
         8        10 (-1.616856e+00,-1.043858e+00)
         9         1 (-7.056782e-01,1.507178e+00)
         9         2 (1.973591e+00,-4.394940e-01)
         9         3 (-8.418413e-01,-1.936528e-01)
         9         4 (1.412435e+00,-8.448056e-01)
         9         5 (1.216612e+00,4.496546e-01)
         9         6 (8.910085e-01,-1.361993e+00)
         9         7 (-4.542277e-01,-1.167494e+00)
         9         8 (-5.801375e-01,-1.627242e+00)
         9         9 (-1.584513e+00,1.039528e+00)
         9        10 (8.450680e-01,1.751094e+00)
        10         1 (-4.264439e-01,7.778204e-01)
        10         2 (3.775306e-01,-2.116152e-01)
        10         3 (1.832964e+00,3.981546e-01)
        10         4 (2.075094e-01,-8.620089e-02)
        10         5 (1.191060e+00,2.309461e+00)
        10         6 (7.340351e-02,-1.210674e-02)
        10         7 (6.574921e-01,8.213436e-01)
        10         8 (-4.050853e-01,-1.169913e+00)
        10         9 (-1.408513e+00,3.108485e-01)
        10        10 (-1.127629e+00,6.004947e-01)
 estimated covariance matrices using dpss
70.000000     0.000 dB
10
50.000000
61.111111
72.222222
83.333333
94.444444
105.555556
116.666667
127.777778
138.888889
150.000000
         1         1 (-6.030655e-02,-9.283823e-01)
         1         2 (-9.376135e-01,-3.964258e-02)
         1         3 (3.739517e-01,1.684623e+00)
         1         4 (-9.984805e-01,-1.884069e+00)
         1         5 (-3.005928e-01,-1.231194e-01)
         1         6 (-1.575984e+00,8.878651e-01)
         1         7 (-1.248556e+00,-2.884127e-02)
         1         8 (2.837135e-02,1.741421e+00)
         1         9 (-5.122926e-01,-4.804263e-01)
         1        10 (-9.014426e-01,2.528426e+00)
         2         1 (-2.268741e+00,3.047755e-01)
         2         2 (5.488631e-01,1.756904e+00)
         2         3 (-3.386723e-03,-4.701791e-01)
         2         4 (2.805812e+00,-6.890929e-01)
         2         5 (-2.916520e-01,7.176088e-02)
         2         6 (2.934153e-01,4.114916e-01)
         2         7 (-2.468526e-01,8.800512e-01)
         2         8 (-1.739525e+00,3.853003e-01)
         2         9 (2.361986e+00,8.931722e-01)
         2        10 (3.838949e-01,-1.461463e+00)
         3         1 (6.235667e-01,6.030206e-01)
         3         2 (-7.593815e-01,-3.595848e-01)
         3         3 (3.331724e+00,1.227324e+00)
         3         4 (-1.457110e+00,9.254033e-01)
         3         5 (-1.386666e-01,2.355425e-01)
         3         6 (4.181572e-01,-1.624876e+00)
         3         7 (9.900388e-01,-1.640343e+00)
         3         8 (3.856931e-01,-1.194524e+00)
         3         9 (6.850570e-01,-1.782617e-01)
         3        10 (2.598690e-01,6.584473e-01)
         4         1 (1.372035e+00,-6.886944e-01)
         4         2 (-1.452417e-01,-7.975062e-01)
         4         3 (-1.370953e-01,7.982506e-01)
         4         4 (8.223212e-01,2.615945e-01)
         4         5 (1.005367e+00,4.239829e-02)
         4         6 (1.092451e+00,-1.958267e-02)
         4         7 (5.406989e-01,1.302452e+00)
         4         8 (5.753087e-01,2.816901e-01)
         4         9 (-1.143320e+00,-8.978583e-01)
         4        10 (-7.069156e-01,2.931592e-02)
         5         1 (2.817208e-01,-1.347948e+00)
         5         2 (2.211602e-01,-8.155994e-02)
         5         3 (2.714454e-01,-9.472322e-01)
         5         4 (-1.488882e+00,-1.023965e+00)
         5         5 (-7.595162e-02,3.109944e-01)
         5         6 (-1.037796e+00,-2.859400e-01)
         5         7 (-1.113100e+00,-2.112207e+00)
         5         8 (9.844377e-01,4.922671e-01)
         5         9 (-6.753921e-01,-6.148630e-02)
         5        10 (7.933385e-01,-1.010131e+00)
         6         1 (-3.837528e-01,1.904918e+00)
         6         2 (-9.888626e-01,1.620431e-01)
         6         3 (6.818246e-01,-7.656882e-01)
         6         4 (-2.305695e+00,3.172009e-02)
         6         5 (-1.710727e-01,-3.853521e-01)
         6         6 (1.293737e+00,-5.485618e-01)
         6         7 (-8.595681e-01,-9.689851e-01)
         6         8 (-4.276798e-01,1.550165e+00)
         6         9 (-7.718211e-01,1.437218e+00)
         6        10 (-1.591714e+00,1.209612e+00)
         7         1 (1.103980e+00,1.313316e-01)
         7         2 (1.371601e+00,1.042590e+00)
         7         3 (-5.290680e-01,3.783850e-01)
         7         4 (-1.949058e+00,3.969224e-01)
         7         5 (1.210469e-01,1.555560e+00)
         7         6 (1.415195e+00,-9.469376e-02)
         7         7 (-4.971896e-01,2.637698e-01)
         7         8 (-3.775782e-01,2.138859e+00)
         7         9 (-4.791720e-01,-5.711004e-01)
         7        10 (1.386205e+00,4.304648e-01)
         8         1 (4.853329e-01,5.877638e-01)
         8         2 (2.999242e-01,1.981037e-01)
         8         3 (-9.189176e-01,-1.723849e-01)
         8         4 (-1.086453e+00,-6.733435e-01)
         8         5 (7.319050e-01,3.710993e-01)
         8         6 (-1.470600e+00,-1.852580e-01)
         8         7 (2.002178e+00,-1.568139e+00)
         8         8 (-1.673444e+00,1.573360e+00)
         8         9 (-1.680541e+00,2.055105e-02)
         8        10 (-2.093188e-01,-9.730141e-01)
         9         1 (-1.079778e-02,1.425671e+00)
         9         2 (5.329543e-01,1.305894e+00)
         9         3 (-1.163920e+00,4.217942e-01)
         9         4 (1.067085e+00,4.409373e-01)
         9         5 (1.242590e+00,-5.314551e-02)
         9         6 (2.097073e-01,5.484322e-01)
         9         7 (8.318647e-01,-1.314916e+00)
         9         8 (1.016303e+00,1.752629e+00)
         9         9 (-8.635728e-01,-3.878688e-01)
         9        10 (1.099358e+00,-1.167776e+00)
        10         1 (1.348052e+00,6.888199e-01)
        10         2 (-1.926964e+00,-4.109533e-02)
        10         3 (-8.591265e-01,4.812974e-01)
        10         4 (-1.907365e+00,2.347671e+00)
        10         5 (-2.331040e-01,3.429000e-01)
        10         6 (7.653174e-02,1.517003e+00)
        10         7 (-8.368146e-02,-1.012415e+00)
        10         8 (1.148523e+00,4.029902e-01)
        10         9 (-3.287996e-01,2.369771e-02)
        10        10 (6.438702e-01,4.967702e-02)
 estimated covariance matrices using dpss
85.000000     0.000 dB
10
50.000000
61.111111
72.222222
83.333333
94.444444
105.555556
116.666667
127.777778
138.888889
150.000000
         1         1 (6.184426e-01,2.415167e+00)
         1         2 (1.009832e+00,-4.418660e-01)
         1         3 (-6.047646e-01,-3.607106e-01)
         1         4 (6.703358e-01,-2.228920e-01)
         1         5 (5.481170e-02,1.485064e+00)
         1         6 (5.637810e-01,5.538765e-01)
         1         7 (-2.703433e-01,-2.342643e+00)
         1         8 (-4.938633e-01,-1.191841e+00)
         1         9 (-7.007284e-01,9.442643e-01)
         1        10 (-1.286351e+00,9.544509e-02)
         2         1 (-1.380615e+00,-5.122524e-01)
         2         2 (2.350282e-01,-5.112672e-01)
         2         3 (-8.628935e-01,1.059219e+00)
         2         4 (9.193062e-01,-1.629316e-01)
         2         5 (1.219814e+00,-3.225060e-01)
         2         6 (2.133038e+00,-7.668221e-01)
         2         7 (-1.579814e+00,-2.548120e+00)
         2         8 (-1.570341e-02,6.061365e-01)
         2         9 (2.358569e+00,-1.294665e+00)
         2        10 (-3.296853e-01,-1.403677e+00)
         3         1 (-8.625176e-01,-1.934312e+00)
         3         2 (-2.222615e+00,5.027856e-01)
         3         3 (2.076510e-01,9.391632e-01)
         3         4 (-5.650966e-01,2.254335e-01)
         3         5 (1.291798e+00,3.647302e-01)
         3         6 (-1.018681e+00,1.731769e+00)
         3         7 (-1.981214e+00,1.867639e+00)
         3         8 (-2.527830e-02,-8.727248e-01)
         3         9 (1.344608e+00,-1.780848e+00)
         3        10 (-1.866100e+00,4.816848e-01)
         4         1 (-3.843139e-01,-3.545135e-01)
         4         2 (7.868054e-01,-3.034683e+00)
         4         3 (1.158220e+00,1.371109e+00)
         4         4 (5.839310e-01,-9.620752e-01)
         4         5 (1.136209e+00,-7.431477e-01)
         4         6 (7.536312e-02,2.950314e-01)
         4         7 (-1.189861e+00,6.390489e-01)
         4         8 (-2.016677e+00,-8.676116e-01)
         4         9 (4.833398e-01,3.486252e-01)
         4        10 (-4.740578e-02,-3.614293e-01)
         5         1 (7.657063e-02,-6.450630e-01)
         5         2 (-1.443053e-01,-3.941670e-01)
         5         3 (1.532664e+00,1.641034e-01)
         5         4 (-1.887517e-01,4.642318e-01)
         5         5 (6.302010e-02,-1.816834e-01)
         5         6 (-4.198074e-01,-6.272633e-01)
         5         7 (-5.694292e-01,-7.446675e-02)
         5         8 (2.904096e-01,-1.220103e+00)
         5         9 (1.577837e-01,2.347515e+00)
         5        10 (1.906734e-01,1.063982e+00)
         6         1 (-7.324404e-01,-1.454777e-01)
         6         2 (1.365830e+00,2.994836e-01)
         6         3 (9.037992e-02,1.437771e+00)
         6         4 (8.813303e-01,2.164485e+00)
         6         5 (-1.638766e-01,1.668703e-01)
         6         6 (-1.766678e-01,-6.419350e-01)
         6         7 (4.632207e-01,3.807662e-01)
         6         8 (-5.169820e-01,9.428987e-01)
         6         9 (1.700521e+00,-8.572628e-01)
         6        10 (-7.291662e-01,-1.945422e-01)
         7         1 (1.203097e+00,-1.189120e+00)
         7         2 (4.223986e-01,1.598124e-01)
         7         3 (-8.712134e-01,-1.535092e+00)
         7         4 (-7.387386e-01,-5.396123e-01)
         7         5 (-2.227197e-01,1.877396e+00)
         7         6 (-4.793999e-01,7.242717e-02)
         7         7 (-1.928694e-01,-2.811120e-01)
         7         8 (-4.385191e-01,1.161626e-01)
         7         9 (6.528550e-01,1.615556e-01)
         7        10 (-4.603401e-01,8.537936e-01)
         8         1 (1.838310e+00,5.670995e-01)
         8         2 (7.370976e-01,7.450544e-01)
         8         3 (-2.413857e-01,-1.811152e+00)
         8         4 (2.013490e-01,-2.379290e+00)
         8         5 (5.322649e-04,5.267197e-01)
         8         6 (6.130420e-01,-2.198785e+00)
         8         7 (-2.408890e-01,-2.422556e-01)
         8         8 (1.736188e-01,-2.918933e-01)
         8         9 (-1.444516e+00,-2.284178e-01)
         8        10 (3.133622e-01,-6.105474e-01)
         9         1 (1.485125e+00,5.669942e-01)
         9         2 (-9.222760e-01,1.115817e+00)
         9         3 (-4.402822e-01,-7.743067e-02)
         9         4 (9.932436e-01,-5.554614e-01)
         9         5 (-5.711786e-01,6.909345e-01)
         9         6 (1.506640e-01,-5.026035e-01)
         9         7 (-2.280787e+00,9.520665e-01)
         9         8 (-1.121516e-01,2.045541e-01)
         9         9 (5.002201e-01,-6.716136e-01)
         9        10 (4.016462e-02,-5.625911e-02)
        10         1 (-1.358196e+00,9.342289e-01)
        10         2 (-1.315153e+00,7.253951e-02)
        10         3 (1.294613e+00,-1.041164e+00)
        10         4 (-2.175040e-01,1.665125e+00)
        10         5 (1.399270e+00,2.376983e-02)
        10         6 (4.779418e-01,-2.118300e-01)
        10         7 (-3.412285e-03,-1.171438e-01)
        10         8 (-1.286540e+00,1.609738e+00)
        10         9 (6.662702e-02,-1.839395e+00)
        10        10 (2.469254e-01,8.154148e-01)
 estimated covariance matrices using dpss
100.000000     0.000 dB
10
50.000000
61.111111
72.222222
83.333333
94.444444
105.555556
116.666667
127.777778
138.888889
150.000000
         1         1 (1.942474e-01,4.825179e-01)
         1         2 (8.119945e-02,1.782162e+00)
         1         3 (-9.491902e-01,6.661927e-01)
         1         4 (-1.815087e-01,1.725762e-01)
         1         5 (8.611116e-01,1.983650e+00)
         1         6 (3.396726e-01,9.754374e-01)
         1         7 (7.047370e-01,3.653872e-01)
         1         8 (9.753710e-01,8.085524e-01)
         1         9 (-6.756023e-01,3.189347e-01)
         1        10 (-3.195628e-01,2.528112e-01)
         2         1 (6.592268e-01,-1.539559e+00)
         2         2 (-1.598387e+00,4.831051e-01)
         2         3 (-5.242665e-01,-1.265858e+00)
         2         4 (-5.925543e-01,-1.543226e+00)
         2         5 (7.027579e-01,1.390049e-01)
         2         6 (-2.008133e+00,-8.941585e-01)
         2         7 (7.883403e-01,3.462065e-01)
         2         8 (1.647599e+00,4.608691e-01)
         2         9 (-8.131041e-01,9.771298e-01)
         2        10 (-4.805986e-01,-4.756802e-01)
         3         1 (-3.470655e-01,-1.439558e+00)
         3         2 (-1.899382e-01,-9.307509e-01)
         3         3 (-2.026127e-01,-1.270944e+00)
         3         4 (3.371569e-01,-1.465705e+00)
         3         5 (3.150100e-01,8.340075e-01)
         3         6 (-4.253146e-01,-3.455799e-01)
         3         7 (-7.196213e-01,-5.059326e-01)
         3         8 (9.605952e-01,7.661371e-01)
         3         9 (-1.394062e+00,-7.550583e-01)
         3        10 (1.091088e+00,1.994956e+00)
         4         1 (-8.390411e-01,-7.516890e-01)
         4         2 (-5.986479e-01,-1.398327e-01)
         4         3 (-2.321972e-01,1.324658e+00)
         4         4 (-1.095236e+00,-9.751749e-01)
         4         5 (5.788330e-01,3.483699e+00)
         4         6 (6.588171e-01,-6.692263e-01)
         4         7 (7.277357e-01,-1.129284e-01)
         4         8 (1.602732e+00,-3.105239e-01)
         4         9 (2.642720e-01,6.342062e-01)
         4        10 (-7.545118e-01,-1.373921e-01)
         5         1 (-1.604726e+00,3.681803e-01)
         5         2 (8.627721e-01,-4.611188e-02)
         5         3 (9.581154e-01,2.393856e-01)
         5         4 (1.287813e-01,4.301788e-01)
         5         5 (1.200051e+00,7.285020e-01)
         5         6 (-4.152618e-01,-1.239305e-01)
         5         7 (-1.432451e+00,-1.769334e+00)
         5         8 (5.211694e-01,1.183520e+00)
         5         9 (7.514664e-01,-5.920437e-01)
         5        10 (-1.617738e+00,-7.601405e-01)
         6         1 (4.184868e-01,-8.719671e-01)
         6         2 (-2.605704e+00,-1.000452e-01)
         6         3 (-2.349951e+00,-2.775926e-01)
         6         4 (2.989222e-01,5.785493e-01)
         6         5 (-1.278547e+00,1.543433e-01)
         6         6 (1.145896e+00,-5.160297e-01)
         6         7 (2.151910e+00,1.025838e+00)
         6         8 (1.252748e+00,7.607429e-02)
         6         9 (-6.584150e-01,-6.529212e-01)
         6        10 (4.271855e-01,-2.307952e-02)
         7         1 (1.617685e+00,-1.774298e-01)
         7         2 (1.474965e+00,8.816169e-01)
         7         3 (8.738208e-02,2.396860e-01)
         7         4 (9.910906e-01,8.508452e-01)
         7         5 (1.234727e+00,7.051636e-01)
         7         6 (1.445977e+00,-3.658507e-02)
         7         7 (3.599822e-02,1.241127e+00)
         7         8 (-8.322308e-01,6.186868e-01)
         7         9 (-1.007338e-01,-2.255923e-01)
         7        10 (-6.288336e-01,5.642546e-01)
         8         1 (3.492917e-01,8.655765e-01)
         8         2 (-8.939350e-01,4.079298e-01)
         8         3 (-5.908397e-02,-1.024347e+00)
         8         4 (-5.297632e-02,-2.491284e+00)
         8         5 (7.144665e-01,2.410051e-01)
         8         6 (-6.836022e-01,-1.703797e+00)
         8         7 (6.732370e-01,-2.924113e-01)
         8         8 (-6.351116e-02,1.272447e+00)
         8         9 (3.967377e-01,1.727538e+00)
         8        10 (1.674767e-01,1.307442e+00)
         9         1 (-4.473889e-01,6.430328e-01)
         9         2 (-6.519403e-01,-6.251718e-01)
         9         3 (-1.706627e+00,1.294614e-01)
         9         4 (-7.621944e-01,-9.679274e-01)
         9         5 (5.235122e-01,-6.276510e-01)
         9         6 (2.233532e+00,9.932583e-01)
         9         7 (1.031267e+00,7.036458e-01)
         9         8 (8.660913e-01,7.482707e-01)
         9         9 (1.063537e-02,-5.750469e-01)
         9        10 (1.023518e-01,-6.368373e-01)
        10         1 (-4.981701e-01,-4.788537e-01)
        10         2 (1.800991e+00,-9.096427e-01)
        10         3 (1.395603e+00,1.628765e+00)
        10         4 (9.503987e-02,2.059972e+00)
        10         5 (2.114982e-01,-1.741210e+00)
        10         6 (2.946604e-01,-4.980419e-01)
        10         7 (7.469298e-01,9.618758e-01)
        10         8 (9.957613e-01,1.342966e+00)
        10         9 (8.545172e-01,3.595832e-01)
        10        10 (-6.927018e-01,6.008993e-01)
!  
