! test comment
! frequencies range depth pressure 
 1 1 1   (-1.333041e+00, -1.661389e+00) 
 1 1 2   (-6.912237e-01, 6.076263e-01) 
 1 1 3   (5.088862e-01, 1.042020e+00) 
 1 1 4   (1.630521e-01, -2.716297e+00) 
 1 1 5   (6.587625e-01, -4.717492e-01) 
 1 1 6   (-5.035857e-01, -4.070535e-01) 
 1 1 7   (-9.416946e-01, -1.889921e+00) 
 1 1 8   (5.710066e-01, -9.278607e-01) 
 1 1 9   (-5.864161e-01, 2.672307e-01) 
 1 1 10   (-5.647995e-01, 1.733745e+00) 
 1 2 1   (-9.916680e-02, 2.588584e+00) 
 1 2 2   (-2.683902e+00, 3.799555e-01) 
 1 2 3   (-4.353495e-01, 7.998896e-01) 
 1 2 4   (-5.479491e-01, 3.311918e-01) 
 1 2 5   (-7.522548e-01, -1.262479e+00) 
 1 2 6   (4.980977e-02, 1.103163e+00) 
 1 2 7   (8.833707e-02, 9.574937e-01) 
 1 2 8   (5.276335e-01, 6.943954e-02) 
 1 2 9   (1.212397e+00, 9.345112e-01) 
 1 2 10   (-2.349523e-01, -1.020853e+00) 
 1 3 1   (6.431652e-01, -1.142367e+00) 
 1 3 2   (9.378597e-01, -1.350217e+00) 
 1 3 3   (1.558323e+00, 2.175538e+00) 
 1 3 4   (-7.100731e-01, 1.336555e-01) 
 1 3 5   (-4.777611e-01, -1.221170e+00) 
 1 3 6   (-5.846858e-01, 7.138002e-01) 
 1 3 7   (-1.729389e+00, -1.612450e-01) 
 1 3 8   (-9.981916e-01, -1.300478e+00) 
 1 3 9   (-6.953274e-01, -1.027018e-01) 
 1 3 10   (1.164493e+00, 1.627991e+00) 
 2 1 1   (-3.501392e-01, -6.009642e-01) 
 2 1 2   (-9.276218e-01, 4.785331e-01) 
 2 1 3   (-4.750266e-01, 1.350391e+00) 
 2 1 4   (5.825302e-01, 2.160501e+00) 
 2 1 5   (1.291973e+00, -6.930262e-01) 
 2 1 6   (5.821846e-01, -4.023684e-01) 
 2 1 7   (-1.556759e+00, 3.039954e+00) 
 2 1 8   (-1.673703e+00, -6.567807e-01) 
 2 1 9   (1.070670e+00, -1.753715e+00) 
 2 1 10   (-6.203286e-01, 6.274167e-01) 
 2 2 1   (5.794454e-01, 1.660584e+00) 
 2 2 2   (-4.238006e-01, -1.211512e+00) 
 2 2 3   (8.709546e-01, -1.920373e-01) 
 2 2 4   (-6.761398e-01, 6.918491e-01) 
 2 2 5   (-3.452327e-01, 8.339161e-01) 
 2 2 6   (9.681668e-02, -1.906635e-01) 
 2 2 7   (-2.436384e-01, 5.385906e-01) 
 2 2 8   (-1.179260e-01, 1.423385e+00) 
 2 2 9   (-3.043101e-01, 4.147469e-01) 
 2 2 10   (7.798888e-02, 1.181853e+00) 
 2 3 1   (9.041853e-01, 5.557348e-01) 
 2 3 2   (3.927454e-01, -5.297935e-02) 
 2 3 3   (-6.035000e-01, 4.792411e-01) 
 2 3 4   (-1.702509e-01, -7.904789e-01) 
 2 3 5   (1.579625e+00, -3.159770e-01) 
 2 3 6   (-7.928645e-01, 1.447420e+00) 
 2 3 7   (9.173036e-01, 7.433533e-02) 
 2 3 8   (-2.219150e-01, -1.987704e+00) 
 2 3 9   (5.659290e-01, -1.060781e+00) 
 2 3 10   (3.750641e-01, 5.924436e-01) 
 3 1 1   (-1.600194e-01, -1.040099e+00) 
 3 1 2   (-3.489062e-01, -6.760755e-02) 
 3 1 3   (-2.482109e+00, -2.189852e+00) 
 3 1 4   (-9.908127e-02, -1.056958e-01) 
 3 1 5   (1.187806e+00, -2.118456e-02) 
 3 1 6   (-1.010672e+00, -2.079514e-01) 
 3 1 7   (-5.766259e-01, 1.310288e+00) 
 3 1 8   (3.007246e-01, 1.576057e+00) 
 3 1 9   (6.646137e-01, 1.855832e+00) 
 3 1 10   (4.922253e-01, 6.014452e-01) 
 3 2 1   (6.938759e-01, 4.007933e-01) 
 3 2 2   (-3.767048e-01, 1.672179e+00) 
 3 2 3   (1.883431e+00, -7.841045e-01) 
 3 2 4   (2.842935e-02, 6.309527e-01) 
 3 2 5   (-5.905139e-01, 2.565148e+00) 
 3 2 6   (6.413965e-01, -4.410642e-01) 
 3 2 7   (-4.971750e-01, 2.709234e-01) 
 3 2 8   (-9.541078e-01, -8.359363e-01) 
 3 2 9   (-9.809951e-02, -7.275030e-01) 
 3 2 10   (-7.180267e-02, -1.474145e+00) 
 3 3 1   (4.488517e-01, -3.798252e-01) 
 3 3 2   (-8.328574e-01, 1.534279e-01) 
 3 3 3   (-7.359137e-02, 5.806625e-01) 
 3 3 4   (8.398795e-01, -5.426898e-02) 
 3 3 5   (-6.484789e-01, -1.934333e-01) 
 3 3 6   (2.559920e-01, 1.816138e-01) 
 3 3 7   (-2.768089e-01, -6.036344e-01) 
 3 3 8   (-2.072041e+00, 2.490094e-01) 
 3 3 9   (5.053224e-01, 1.094408e-01) 
 3 3 10   (-4.982141e-01, 6.610195e-01) 
 4 1 1   (-4.156761e-01, 1.057032e+00) 
 4 1 2   (-1.314834e+00, 1.048318e+00) 
 4 1 3   (-2.230627e-01, -4.057097e-02) 
 4 1 4   (-2.482244e-01, -1.298160e-01) 
 4 1 5   (-1.111936e+00, 6.230501e-01) 
 4 1 6   (-1.575336e+00, -2.021016e-01) 
 4 1 7   (1.144734e+00, 1.790473e+00) 
 4 1 8   (7.492949e-01, 1.482532e+00) 
 4 1 9   (-2.047312e-01, -8.728964e-03) 
 4 1 10   (-9.875261e-01, 5.215252e-01) 
 4 2 1   (-5.522852e-01, -2.193631e+00) 
 4 2 2   (7.638557e-02, -7.256593e-02) 
 4 2 3   (-1.080241e-02, 2.063770e-01) 
 4 2 4   (-1.322555e-01, -5.970079e-01) 
 4 2 5   (3.240451e-01, -3.244062e-01) 
 4 2 6   (-1.271166e+00, -1.392191e+00) 
 4 2 7   (1.070831e+00, 2.478031e-01) 
 4 2 8   (6.510576e-01, 8.291901e-01) 
 4 2 9   (1.719277e+00, 1.939101e-01) 
 4 2 10   (-8.867110e-01, -4.228313e-01) 
 4 3 1   (3.179449e-01, 1.667414e-02) 
 4 3 2   (-2.537451e-01, -3.325657e+00) 
 4 3 3   (1.147024e+00, 1.835229e+00) 
 4 3 4   (-1.255383e+00, -4.448643e-01) 
 4 3 5   (9.239958e-01, 1.803841e+00) 
 4 3 6   (1.076437e-01, -2.232997e+00) 
 4 3 7   (9.514461e-01, 2.428375e-01) 
 4 3 8   (1.762698e-01, -3.661693e-01) 
 4 3 9   (-1.165231e-02, -3.087583e-02) 
 4 3 10   (1.079680e+00, 1.741964e+00) 
 5 1 1   (-2.327286e-01, 2.051270e-01) 
 5 1 2   (5.476986e-01, 2.014092e-01) 
 5 1 3   (-1.058387e+00, -4.090545e-01) 
 5 1 4   (-5.624047e-02, -3.904317e-01) 
 5 1 5   (1.408319e+00, -6.324733e-01) 
 5 1 6   (5.966293e-01, 1.592278e+00) 
 5 1 7   (-5.844674e-01, 1.026890e+00) 
 5 1 8   (-9.145777e-02, -8.433557e-01) 
 5 1 9   (2.192191e-01, -5.688844e-01) 
 5 1 10   (-3.000797e-02, 5.986080e-01) 
 5 2 1   (-6.618091e-01, -7.573773e-02) 
 5 2 2   (-4.513948e-01, 2.882294e-02) 
 5 2 3   (-1.205877e-01, -1.315081e+00) 
 5 2 4   (-8.853617e-01, -1.897909e+00) 
 5 2 5   (-1.619483e+00, 1.034052e-01) 
 5 2 6   (-4.426353e-01, 1.133113e+00) 
 5 2 7   (-2.261389e+00, -1.403111e+00) 
 5 2 8   (-3.107920e-02, -1.046229e+00) 
 5 2 9   (1.297191e+00, 1.090749e+00) 
 5 2 10   (1.545227e+00, -1.389447e-01) 
 5 3 1   (-6.201979e-01, -1.204701e+00) 
 5 3 2   (9.364457e-01, -4.039384e-01) 
 5 3 3   (1.748685e+00, 1.722283e+00) 
 5 3 4   (7.129904e-02, -1.095703e+00) 
 5 3 5   (3.655739e-01, -1.340283e+00) 
 5 3 6   (1.891823e+00, -6.417198e-02) 
 5 3 7   (3.071365e-01, -9.289724e-01) 
 5 3 8   (-5.827979e-01, -7.969681e-01) 
 5 3 9   (3.425823e-01, 5.962872e-02) 
 5 3 10   (1.679958e+00, 6.230111e-01) 
 6 1 1   (6.434276e-01, -1.127431e+00) 
 6 1 2   (-2.067008e-02, 2.160883e-01) 
 6 1 3   (-1.988097e+00, 1.185970e+00) 
 6 1 4   (7.296219e-01, 1.621392e+00) 
 6 1 5   (1.440333e+00, -2.050422e-01) 
 6 1 6   (7.222149e-01, 3.457742e-01) 
 6 1 7   (-3.451164e-01, -9.433816e-01) 
 6 1 8   (1.964010e+00, 1.254517e+00) 
 6 1 9   (6.477503e-01, -6.941994e-01) 
 6 1 10   (-1.416530e+00, -8.674630e-01) 
 6 2 1   (-1.420447e+00, 4.235741e-01) 
 6 2 2   (-1.341391e+00, -2.111525e-01) 
 6 2 3   (3.678626e-01, 4.023217e-01) 
 6 2 4   (-1.321224e+00, -2.278585e-01) 
 6 2 5   (-1.542898e+00, -1.137313e+00) 
 6 2 6   (5.052495e-01, 1.116327e+00) 
 6 2 7   (-4.334262e-01, -7.929020e-01) 
 6 2 8   (-2.440566e+00, 2.650249e+00) 
 6 2 9   (-6.175171e-01, -2.388046e-01) 
 6 2 10   (1.748352e-01, -6.438909e-01) 
 6 3 1   (2.131077e+00, 2.901087e-01) 
 6 3 2   (3.533576e-01, -2.448283e-01) 
 6 3 3   (-1.209700e+00, 9.276772e-01) 
 6 3 4   (-1.342707e+00, 1.582506e-01) 
 6 3 5   (-3.490798e-01, -6.410814e-01) 
 6 3 6   (-1.902254e-01, 5.808544e-01) 
 6 3 7   (1.020953e+00, 1.661950e+00) 
 6 3 8   (-4.103146e-01, -8.316646e-01) 
 6 3 9   (-5.368378e-01, 2.802127e-01) 
 6 3 10   (2.616336e-01, 9.424670e-01) 
 7 1 1   (-1.624499e+00, 7.933773e-01) 
 7 1 2   (-7.721621e-02, -7.509993e-01) 
 7 1 3   (-8.817537e-01, -9.773100e-01) 
 7 1 4   (-7.984222e-01, -6.782733e-01) 
 7 1 5   (-6.102577e-02, -2.801525e-01) 
 7 1 6   (1.359767e+00, 9.353011e-01) 
 7 1 7   (8.293759e-01, 1.731000e-01) 
 7 1 8   (-2.075048e+00, 2.408701e+00) 
 7 1 9   (4.807409e-01, -1.126731e+00) 
 7 1 10   (1.862477e+00, 7.861738e-01) 
 7 2 1   (4.464961e-01, -2.438823e-01) 
 7 2 2   (1.399229e-01, 1.030829e+00) 
 7 2 3   (-5.656988e-01, -3.818536e-01) 
 7 2 4   (4.176359e-01, 5.594121e-01) 
 7 2 5   (4.541276e-01, 1.318705e+00) 
 7 2 6   (-2.852042e-02, -8.998090e-01) 
 7 2 7   (3.204533e-01, 5.271904e-01) 
 7 2 8   (-1.874698e-01, -6.284979e-02) 
 7 2 9   (8.046482e-02, 1.213748e+00) 
 7 2 10   (5.559296e-01, -7.680839e-01) 
 7 3 1   (4.407584e-01, 1.625691e+00) 
 7 3 2   (-3.341752e-01, -5.988302e-01) 
 7 3 3   (7.426720e-01, 1.430486e+00) 
 7 3 4   (2.657820e+00, 1.293470e+00) 
 7 3 5   (1.654410e-02, -2.268901e-01) 
 7 3 6   (-4.182671e-01, -5.388902e-01) 
 7 3 7   (1.512606e+00, -2.485903e+00) 
 7 3 8   (-1.770472e-01, -2.551304e-01) 
 7 3 9   (-5.655668e-01, 9.263646e-01) 
 7 3 10   (2.370568e-01, -1.045812e+00) 
!  
